n = 50
m = 620
adj = [[-1, 302, 71, 219, -1, 417, -1, -1, -1, 71, 462, 122, 467, 388, 157, 376, -1, 279, -1, 285, 268, -1, -1, -1, -1, 26, 460, 382, 154, -1, 393, 66, -1, -1, 146, -1, 283, -1, -1, -1, 319, -1, 331, 363, -1, -1, 179, -1, 378, -1], [ 302, -1, -1, -1, -1, 71, 88, 297, 457, -1, -1, -1, -1, 377, 24, -1, 49, -1, 189, 84, -1, 481, 82, 458, 270, -1, 87, 370, 466, 380, -1, -1, -1, 472, -1, -1, -1, -1, 306, 223, 52, -1, 310, -1, -1, -1, -1, -1, -1, 242], [ 71, -1, -1, -1, -1, -1, -1, 349, -1, -1, 26, -1, -1, 259, -1, 227, 355, 188, -1, 168, 339, 281, 86, 344, -1, -1, 242, -1, 412, 218, 104, 23, -1, -1, -1, -1, -1, -1, -1, -1, 81, -1, 397, 24, -1, 82, 210, -1, -1, 222], [ 219, -1, -1, -1, 473, 284, 76, -1, 479, -1, -1, 435, 372, 33, 87, -1, 17, -1, 391, 287, -1, -1, -1, -1, 28, -1, 233, -1, -1, 347, 459, -1, -1, 176, -1, -1, 281, 398, 241, 243, 237, 469, 189, -1, 62, 388, 176, -1, -1, 114], [ -1, -1, -1, 473, -1, -1, -1, -1, 238, -1, -1, -1, -1, -1, -1, 251, -1, 494, 31, -1, -1, 290, -1, 172, 179, -1, 445, 256, 459, 253, -1, -1, 499, 291, -1, 358, -1, -1, 476, -1, 283, -1, 74, 185, 314, -1, 256, 310, 467, -1], [ 417, 71, -1, 284, -1, -1, -1, -1, -1, -1, 253, -1, 389, 498, 63, -1, 345, 76, 398, 138, 225, -1, 131, -1, 207, -1, 476, -1, -1, -1, -1, 1, -1, -1, -1, -1, -1, -1, 104, -1, -1, -1, -1, -1, 72, -1, 75, 225, 93, -1], [ -1, 88, -1, 76, -1, -1, -1, -1, 492, 418, 438, 121, 79, 451, -1, 55, 375, 154, -1, -1, -1, 303, -1, 377, -1, 427, 72, 47, -1, -1, 257, 217, 441, -1, 392, 383, -1, -1, 382, 433, 231, -1, -1, 372, -1, 128, -1, 452, 24, -1], [ -1, 297, 349, -1, -1, -1, -1, -1, -1, -1, -1, -1, -1, 76, 77, 104, 464, 273, 229, 345, 470, -1, 121, -1, 176, 26, 345, -1, -1, 449, 499, -1, 348, 6, 3, -1, -1, -1, 178, -1, 301, -1, 477, 422, 160, 126, -1, 9, 207, 427], [ -1, 457, -1, 479, 238, -1, 492, -1, -1, 156, 460, -1, 439, -1, -1, -1, -1, 251, 245, 451, -1, 429, -1, 250, -1, 375, -1, 383, 99, -1, -1, 146, -1, 198, -1, 118, 163, -1, 191, -1, -1, -1, 411, -1, 6, 482, -1, 491, 25, 59], [ 71, -1, -1, -1, -1, -1, 418, -1, 156, -1, -1, -1, -1, -1, 448, 121, -1, 238, -1, 328, -1, 70, -1, -1, 254, -1, -1, -1, -1, -1, 87, 334, -1, 171, -1, -1, 145, -1, -1, 175, 355, 118, -1, -1, -1, -1, 205, -1, -1, 163], [ 462, -1, 26, -1, -1, 253, 438, -1, 460, -1, -1, 273, 429, -1, -1, -1, -1, 168, 65, -1, -1, -1, -1, 384, 469, 372, 19, -1, 2, 480, 212, 410, -1, 365, 346, -1, 291, -1, 381, 306, -1, 467, -1, -1, 139, -1, -1, -1, -1, -1], [ 122, -1, -1, 435, -1, -1, 121, -1, -1, -1, 273, -1, -1, -1, -1, 275, 105, 232, -1, 460, 97, -1, -1, 175, 289, -1, -1, -1, -1, -1, 470, 20, 37, -1, 384, -1, 55, -1, 13, -1, 157, 261, -1, -1, -1, 72, 89, -1, 155, -1], [ 467, -1, -1, 372, -1, 389, 79, -1, 439, -1, 429, -1, -1, 51, 40, 477, -1, -1, -1, -1, 321, 29, -1, -1, 490, -1, 157, 434, -1, 62, 246, 82, 176, 35, -1, -1, -1, 273, 46, 372, 11, 154, -1, 265, 182, -1, -1, -1, 453, 27], [ 388, 377, 259, 33, -1, 498, 451, 76, -1, -1, -1, -1, 51, -1, -1, 231, -1, 312, -1, 221, 435, -1, -1, -1, 160, -1, 314, 118, 454, -1, -1, 124, 283, -1, 202, 163, -1, 362, -1, 90, -1, -1, 327, 233, -1, 392, 304, 131, 62, 275], [ 157, 24, -1, 87, -1, 63, -1, 77, -1, 448, -1, -1, 40, -1, -1, -1, 59, 382, -1, -1, 441, -1, 168, 52, 193, -1, 99, -1, -1, 82, 63, 448, -1, -1, -1, -1, -1, 354, -1, 157, 408, 186, -1, 148, 461, -1, 154, 294, 124, 288], [ 376, -1, 227, -1, 251, -1, 55, 104, -1, 121, -1, 275, 477, 231, -1, -1, -1, 350, 245, 230, 202, -1, -1, -1, 228, -1, -1, -1, 103, 235, -1, -1, -1, 250, 301, 310, -1, -1, 217, 194, 353, -1, 460, 49, 434, -1, 470, 22, -1, -1], [ -1, 49, 355, 17, -1, 345, 375, 464, -1, -1, -1, 105, -1, -1, 59, -1, -1, -1, 32, 233, 480, -1, -1, -1, -1, 486, -1, 167, 293, -1, -1, -1, 226, -1, -1, 282, 355, 302, -1, 334, -1, 137, -1, -1, -1, 221, -1, -1, 123, 27], [ 279, -1, 188, -1, 494, 76, 154, 273, 251, 238, 168, 232, -1, 312, 382, 350, -1, -1, -1, -1, 71, -1, 382, -1, 441, -1, 135, 354, 389, 178, 266, -1, -1, 111, 6, 418, -1, 184, 415, -1, -1, 101, -1, 199, 87, -1, 498, -1, -1, 208], [ -1, 189, -1, 391, 31, 398, -1, 229, 245, -1, 65, -1, -1, -1, -1, 245, 32, -1, -1, -1, -1, -1, -1, -1, -1, -1, 11, 117, -1, 12, -1, 332, -1, 196, -1, 334, -1, 198, 336, 407, -1, 392, -1, -1, 382, 158, -1, 168, -1, 179], [ 285, 84, 168, 287, -1, 138, -1, 345, 451, 328, -1, 460, -1, 221, -1, 230, 233, -1, -1, -1, 133, 435, -1, -1, -1, -1, -1, 473, -1, 87, -1, -1, 296, -1, -1, -1, -1, -1, 315, 181, -1, -1, 217, -1, 99, -1, -1, -1, 499, -1], [ 268, -1, 339, -1, -1, 225, -1, 470, -1, -1, -1, 97, 321, 435, 441, 202, 480, 71, -1, 133, -1, 250, 325, -1, 122, -1, 88, 408, 186, -1, 37, 99, -1, 93, 58, -1, 233, 151, -1, -1, -1, 38, 218, -1, 355, -1, 432, -1, 176, 196], [ -1, 481, 281, -1, 290, -1, 303, -1, 429, 70, -1, -1, 29, -1, -1, -1, -1, -1, -1, 435, 250, -1, 107, -1, -1, -1, -1, -1, -1, 416, -1, -1, 336, 260, -1, 411, 319, 338, 243, -1, 332, 234, -1, 207, 431, 75, -1, -1, -1, -1], [ -1, 82, 86, -1, -1, 131, -1, 121, -1, -1, -1, -1, -1, -1, 168, -1, -1, 382, -1, -1, 325, 107, -1, -1, 295, -1, 333, 349, -1, -1, -1, -1, 37, 288, -1, -1, -1, -1, -1, 200, -1, 21, -1, -1, 311, 474, -1, -1, -1, -1], [ -1, 458, 344, -1, 172, -1, 377, -1, 250, -1, 384, 175, -1, -1, 52, -1, -1, -1, -1, -1, -1, -1, -1, -1, -1, -1, 164, 445, -1, 259, 441, -1, -1, -1, 193, -1, 257, -1, 313, 413, 268, 283, -1, 258, 60, -1, 203, 365, -1, -1], [ -1, 270, -1, 28, 179, 207, -1, 176, -1, 254, 469, 289, 490, 160, 193, 228, -1, 441, -1, -1, 122, -1, 295, -1, -1, 382, -1, 437, -1, 418, 111, 377, -1, -1, -1, -1, 153, 40, 11, 249, 403, -1, 383, -1, 28, 152, -1, 277, 142, -1], [ 26, -1, -1, -1, -1, -1, 427, 26, 375, -1, 372, -1, -1, -1, -1, -1, 486, -1, -1, -1, -1, -1, -1, -1, 382, -1, 398, -1, -1, 441, 307, 416, 85, 190, 206, -1, -1, 254, -1, 281, -1, -1, -1, -1, 91, 261, -1, 72, -1, 340], [ 460, 87, 242, 233, 445, 476, 72, 345, -1, -1, 19, -1, 157, 314, 99, -1, -1, 135, 11, -1, 88, -1, 333, 164, -1, 398, -1, -1, -1, -1, -1, 74, -1, 278, -1, -1, 169, 387, -1, -1, 480, -1, -1, 188, -1, -1, -1, 446, 188, -1], [ 382, 370, -1, -1, 256, -1, 47, -1, 383, -1, -1, -1, 434, 118, -1, -1, 167, 354, 117, 473, 408, -1, 349, 445, 437, -1, -1, -1, 241, -1, -1, 17, -1, -1, -1, 351, -1, -1, 219, 261, -1, -1, -1, -1, -1, 188, -1, 491, 435, -1], [ 154, 466, 412, -1, 459, -1, -1, -1, 99, -1, 2, -1, -1, 454, -1, 103, 293, 389, -1, -1, 186, -1, -1, -1, -1, -1, -1, 241, -1, -1, 2, -1, 444, 85, 216, 32, 443, 371, 359, 190, -1, -1, -1, 29, -1, 20, -1, -1, 127, -1], [ -1, 380, 218, 347, 253, -1, -1, 449, -1, -1, 480, -1, 62, -1, 82, 235, -1, 178, 12, 87, -1, 416, -1, 259, 418, 441, -1, -1, -1, -1, 28, -1, -1, 458, 453, -1, -1, -1, 345, 339, -1, -1, -1, 203, -1, 387, 215, 51, -1, -1], [ 393, -1, 104, 459, -1, -1, 257, 499, -1, 87, 212, 470, 246, -1, 63, -1, -1, 266, -1, -1, 37, -1, -1, 441, 111, 307, -1, -1, 2, 28, -1, 309, -1, 137, -1, 88, 196, -1, -1, 409, 239, -1, 356, 451, 192, 9, -1, -1, -1, -1], [ 66, -1, 23, -1, -1, 1, 217, -1, 146, 334, 410, 20, 82, 124, 448, -1, -1, -1, 332, -1, 99, -1, -1, -1, 377, 416, 74, 17, -1, -1, 309, -1, -1, -1, -1, -1, 323, 460, 261, 285, 236, 454, 427, -1, -1, -1, -1, 433, -1, 403], [ -1, -1, -1, -1, 499, -1, 441, 348, -1, -1, -1, 37, 176, 283, -1, -1, 226, -1, -1, 296, -1, 336, 37, -1, -1, 85, -1, -1, 444, -1, -1, -1, -1, -1, -1, 304, -1, -1, -1, 225, 245, 67, 39, -1, 323, -1, 342, 27, -1, -1], [ -1, 472, -1, 176, 291, -1, -1, 6, 198, 171, 365, -1, 35, -1, -1, 250, -1, 111, 196, -1, 93, 260, 288, -1, -1, 190, 278, -1, 85, 458, 137, -1, -1, -1, 206, -1, 416, 220, -1, -1, 351, 77, -1, -1, -1, -1, -1, 8, -1, -1], [ 146, -1, -1, -1, -1, -1, 392, 3, -1, -1, 346, 384, -1, 202, -1, 301, -1, 6, -1, -1, 58, -1, -1, 193, -1, 206, -1, -1, 216, 453, -1, -1, -1, 206, -1, 208, -1, -1, 109, 405, 35, 466, 10, -1, -1, -1, 475, 188, 379, 400], [ -1, -1, -1, -1, 358, -1, 383, -1, 118, -1, -1, -1, -1, 163, -1, 310, 282, 418, 334, -1, -1, 411, -1, -1, -1, -1, -1, 351, 32, -1, 88, -1, 304, -1, 208, -1, -1, -1, 54, -1, -1, -1, 101, 408, -1, 313, -1, -1, 88, 27], [ 283, -1, -1, 281, -1, -1, -1, -1, 163, 145, 291, 55, -1, -1, -1, -1, 355, -1, -1, -1, 233, 319, -1, 257, 153, -1, 169, -1, 443, -1, 196, 323, -1, 416, -1, -1, -1, 1, -1, -1, -1, -1, -1, -1, -1, 109, -1, 97, 432, -1], [ -1, -1, -1, 398, -1, -1, -1, -1, -1, -1, -1, -1, 273, 362, 354, -1, 302, 184, 198, -1, 151, 338, -1, -1, 40, 254, 387, -1, 371, -1, -1, 460, -1, 220, -1, -1, 1, -1, 264, 70, 255, -1, 163, 8, 276, -1, 141, -1, -1, 1], [ -1, 306, -1, 241, 476, 104, 382, 178, 191, -1, 381, 13, 46, -1, -1, 217, -1, 415, 336, 315, -1, 243, -1, 313, 11, -1, -1, 219, 359, 345, -1, 261, -1, -1, 109, 54, -1, 264, -1, 134, 492, -1, 378, 252, 383, 75, -1, 492, 55, -1], [ -1, 223, -1, 243, -1, -1, 433, -1, -1, 175, 306, -1, 372, 90, 157, 194, 334, -1, 407, 181, -1, -1, 200, 413, 249, 281, -1, 261, 190, 339, 409, 285, 225, -1, 405, -1, -1, 70, 134, -1, -1, -1, 429, -1, 139, 206, 363, 329, -1, -1], [ 319, 52, 81, 237, 283, -1, 231, 301, -1, 355, -1, 157, 11, -1, 408, 353, -1, -1, -1, -1, -1, 332, -1, 268, 403, -1, 480, -1, -1, -1, 239, 236, 245, 351, 35, -1, -1, 255, 492, -1, -1, 370, 135, 46, 317, 240, 326, -1, -1, -1], [ -1, -1, -1, 469, -1, -1, -1, -1, -1, 118, 467, 261, 154, -1, 186, -1, 137, 101, 392, -1, 38, 234, 21, 283, -1, -1, -1, -1, -1, -1, -1, 454, 67, 77, 466, -1, -1, -1, -1, -1, 370, -1, 179, -1, -1, 296, 23, 322, 485, 59], [ 331, 310, 397, 189, 74, -1, -1, 477, 411, -1, -1, -1, -1, 327, -1, 460, -1, -1, -1, 217, 218, -1, -1, -1, 383, -1, -1, -1, -1, -1, 356, 427, 39, -1, 10, 101, -1, 163, 378, 429, 135, 179, -1, 254, 198, 92, -1, -1, 465, -1], [ 363, -1, 24, -1, 185, -1, 372, 422, -1, -1, -1, -1, 265, 233, 148, 49, -1, 199, -1, -1, -1, 207, -1, 258, -1, -1, 188, -1, 29, 203, 451, -1, -1, -1, -1, 408, -1, 8, 252, -1, 46, -1, 254, -1, -1, -1, 299, 91, -1, -1], [ -1, -1, -1, 62, 314, 72, -1, 160, 6, -1, 139, -1, 182, -1, 461, 434, -1, 87, 382, 99, 355, 431, 311, 60, 28, 91, -1, -1, -1, -1, 192, -1, 323, -1, -1, -1, -1, 276, 383, 139, 317, -1, 198, -1, -1, 96, 185, -1, 465, 61], [ -1, -1, 82, 388, -1, -1, 128, 126, 482, -1, -1, 72, -1, 392, -1, -1, 221, -1, 158, -1, -1, 75, 474, -1, 152, 261, -1, 188, 20, 387, 9, -1, -1, -1, -1, 313, 109, -1, 75, 206, 240, 296, 92, -1, 96, -1, 263, -1, -1, -1], [ 179, -1, 210, 176, 256, 75, -1, -1, -1, 205, -1, 89, -1, 304, 154, 470, -1, 498, -1, -1, 432, -1, -1, 203, -1, -1, -1, -1, -1, 215, -1, -1, 342, -1, 475, -1, -1, 141, -1, 363, 326, 23, -1, 299, 185, 263, -1, -1, -1, -1], [ -1, -1, -1, -1, 310, 225, 452, 9, 491, -1, -1, -1, -1, 131, 294, 22, -1, -1, 168, -1, -1, -1, -1, 365, 277, 72, 446, 491, -1, 51, -1, 433, 27, 8, 188, -1, 97, -1, 492, 329, -1, 322, -1, 91, -1, -1, -1, -1, -1, -1], [ 378, -1, -1, -1, 467, 93, 24, 207, 25, -1, -1, 155, 453, 62, 124, -1, 123, -1, -1, 499, 176, -1, -1, -1, 142, -1, 188, 435, 127, -1, -1, -1, -1, -1, 379, 88, 432, -1, 55, -1, -1, 485, 465, -1, 465, -1, -1, -1, -1, 116], [ -1, 242, 222, 114, -1, -1, -1, 427, 59, 163, -1, -1, 27, 275, 288, -1, 27, 208, 179, -1, 196, -1, -1, -1, -1, 340, -1, -1, -1, -1, -1, 403, -1, -1, 400, 27, -1, 1, -1, -1, -1, 59, -1, -1, 61, -1, -1, -1, 116, -1]];
